DIMENSION 21
DEPENDENCY
1 	16 I 	20 I
2 	16 I
3 	2 I 	20 I
4 	17 I
5 	17 I 	20 I
6 
7 	20 I
8 	1 I 	2 I 	3 I 	4 I 	5 I 	6 I 	7 I 	9 Us 	10 Us 	16 I 	20 I
9 	8 Us 	20 I 	21 I
10 	8 Us 	9 Us 	11 I 	12 Us 	13 Us 	14 Us 	15 Us 	21 I
11 	8 Us 	9 Us 	10 Us 	20 I 	21 I
12 	8 Us 	9 Us 	10 Us 	11 I 	20 I 	21 I
13 	8 Us 	9 Us 	10 Us 	11 I 	20 I 	21 I
14 	8 Us 	9 Us 	10 Us 	11 I 	20 I 	21 I
15 	8 Us 	9 Us 	10 Us 	11 I 	20 I 	21 I
16 
17 	16 I
18 	8 I 	9 I 	20 I
19 	8 I 	9 I 	20 I
20 
21 
ATTRIBUTE
1 	16 2 	20 1
2 	16 1
3 	2 2 	20 1
4 	17 2
5 	17 2 	20 1
6
7
8 	9 13 	10 9 	20 1
9 	8 13 	21 8
10 	8 13 	9 13 	12 2 	13 2 	14 3 	15 1 	21 4
11 	8 13 	9 13 	10 9 	21 2
12 	8 13 	9 13 	10 9 	20 1 	21 2
13 	8 13 	9 13 	10 9 	20 1 	21 2
14 	8 13 	9 13 	10 9 	20 1 	21 1
15 	8 13 	9 13 	10 9 	20 1 	21 1
16 
17
18 	20 1
19 	20 1
20 
21 
METHOD
1 	20 4
2
3 	2 1 	20 1
4 	17 2
5 	17 2 	20 1
6 
7
8 	9 1 	10 2 	16 1 	20 1
9 	8 7
10 	8 7 	9 2 	12 2 	13 2 	14 2 	15 2
11 	8 2 	9 1 	10 2
12 	8 4 	9 4 	10 2 	20 1
13 	8 4 	9 4 	10 2
14 	8 3 	9 3 	10 2
15 	8 2 	9 3 	10 2
16 
17 	16 1
18 	20 1
19 	20 1
20 
21 
METHODRETURNTYPE
1
2
3
4
5
6 
7
8
9
10
11
12
13
14
15
16 
17
18
19
20 
21 
METHODPARAMTYPE
1
2
3
4
5
6 
7
8
9
10
11
12
13
14
15
16 
17
18
19
20 
ASPECTS

END
MAPPING
